Address  : 6  7  8  9  A  B  C  D  E  F  0  1  2  3  4  5      
000AC356 :
00 00 00 00 00 00 00 00 00 02 34 34 44 44 33 44 44 44 44 44 33 44 44 33 44 44 30 00 00 00 00 00 00 00 00 00
00 00 00 00 00 00 00 00 00 00 1E 1F 23 11 F3 31 1F 33 11 F3 31 1F 33 11 FE 12 00 00 00 00 00 00 00 00 00 00
21 23 43 44 43 00 00 00 00 00 12 3F 34 23 E3 42 3E 34 23 E3 42 3E 34 21 F1 33 00 00 00 00 00 23 43 44 44 44
0E FF F1 11 2F 00 00 00 00 00 E2 31 33 23 33 33 33 33 23 33 32 33 33 32 12 34 00 00 00 00 00 FF F1 1E EF 10
01 FF 22 22 2F F0 00 00 00 00 0E 24 33 33 33 33 23 33 33 33 33 33 33 23 12 34 00 00 00 00 0F FF 22 22 2F 20
01 F1 33 22 4F FF 00 00 00 00 E2 34 33 34 44 43 34 44 44 44 44 44 43 23 12 33 00 00 00 00 FF F1 33 22 3E 20
02 FE 23 22 41 23 34 44 44 42 13 34 32 33 33 33 33 33 33 33 33 33 34 32 13 34 24 34 44 44 32 FE 23 23 4E 20
01 FF 23 32 3F 33 11 F3 31 1F E3 34 23 33 22 22 22 22 22 21 11 1E 34 32 F3 34 2F 22 11 F3 31 1F 23 32 4E 20
01 FE E2 23 3F 34 22 F3 42 1F E2 34 32 34 33 33 32 22 22 23 32 21 34 32 F2 34 1F 34 22 F3 42 FE E2 23 31 20
01 FE 2E 23 4E 22 23 22 33 2F E2 34 32 34 33 33 23 33 33 33 23 22 34 3E F2 34 12 33 22 22 32 FE 2E 24 E1 20
01 F1 E3 32 4E 22 23 33 43 2F E2 34 32 33 43 44 44 44 44 44 44 43 33 22 F2 34 12 22 32 23 32 F1 E3 32 4E 20
01 F1 E2 32 4E 22 22 33 23 3F E3 34 22 33 33 33 33 33 33 33 33 33 34 32 F3 34 33 33 12 33 31 F1 E2 32 4E 30
01 F1 22 23 41 32 33 E2 33 31 E3 34 23 22 21 11 11 22 22 22 11 11 23 22 E3 34 32 23 23 32 21 FE 22 23 4E 30
01 F1 23 33 41 32 22 22 23 31 E3 34 32 33 23 33 22 22 23 32 33 33 32 32 E3 34 32 23 22 23 31 FE 23 33 4E 30
01 F1 23 22 41 22 23 44
42 32 E3 34 23 23 33 42 33 44 42 23 33 44 22 32
E3 34 23 34 44 32 E1 F1 23 22 3E 30 01 F1 23 32
41 2E 44 33 34 42 13 32 32 34 43 23 44 33 34 43
33 33 33 23 13 32 34 43 33 44 2E F1 23 32 3E 30
01 F1 23 23 4E 24 32 22 22 34 22 22 33 23 23 24
32 22 22 34 33 33 33 22 32 23 43 22 22 23 42 FE
23 23 4E 30 01 FE 23 23 3E E3 22 FF F2 23 32 23
22 32 33 13 22 FF F2 24 33 34 33 33 32 23 32 2F
FF 22 42 FE 13 23 4E 30 01 FE 23 23 3E F3 21 E1
EF 23 42 22 23 33 22 E3 21 E1 EF 23 42 33 32 33
32 32 32 1E 1E F2 33 FE 11 23 4E 30 01 FF 22 32
41 F3 21 23 1F 23 32 22 32 32 D1 F3 21 23 1F 23
42 33 44 33 33 2E 32 12 31 F2 32 FE 1E 12 41 30
01 FF E3 23 41 F2 32 1E F2 24 22 22 33 43 21 F2
32 1E F2 24 33 32 32 33 33 2F 23 21 EF 22 31 FE
12 23 31 30 01 FF E1 32 41 2E 33 22 22 32 32 22
32 22 31 EF 33 22 22 32 22 33 2E E2 33 1F 23 32
